0.0 248.14999999999998 0.0
0.0 258.15 0.0
0.0 268.15 0.0
0.0 278.15 0.0
0.0 288.15 0.0
0.0 298.15 0.0
0.0 308.15 0.0
0.0 318.15 0.0
0.0 328.15 0.0
0.0 338.15 0.0
50.0 248.14999999999998 60.85821911170263
50.0 258.15 58.66547201404428
50.0 268.15 56.488921433804684
50.0 278.15 54.328748002365884
50.0 288.15 52.18518004710451
50.0 298.15 50.05849543591367
50.0 308.15 47.94902466306924
50.0 318.15 45.85715334848093
50.0 328.15 43.783325096099354
50.0 338.15 41.72804746071505
100.0 248.14999999999998 63.0315775152086
100.0 258.15 60.89678603520589
100.0 268.15 58.77637751382525
100.0 278.15 56.67054489936954
100.0 288.15 54.57951698840661
100.0 298.15 52.503565085678886
100.0 308.15 50.44300111790001
100.0 318.15 48.39818092862969
100.0 328.15 46.36950837541313
100.0 338.15 44.35743403133481
150.0 248.14999999999998 64.11762634859603
150.0 258.15 62.0209232102618
150.0 268.15 59.937851096799115
150.0 278.15 57.86858873457995
150.0 288.15 55.81334963818034
150.0 298.15 53.772386090750715
150.0 308.15 51.74598491046809
150.0 318.15 49.73447534290244
150.0 328.15 47.73822657771334
150.0 338.15 45.75765143326018
200.0 248.14999999999998 64.8229179554182
200.0 258.15 62.7540090995923
200.0 268.15 60.698307088102645
200.0 278.15 58.65597760040972
200.0 288.15 56.62722167094779
200.0 298.15 54.612274510739596
200.0 308.15 52.61140625707526
200.0 318.15 50.62492484224183
200.0 328.15 48.65317459043449
200.0 338.15 46.69654357817366
250.0 248.14999999999998 65.33220279431531
250.0 258.15 63.2851683987932
250.0 268.15 61.251060156398076
250.0 278.15 59.23003774058878
250.0 288.15 57.22229008546224
250.0 298.15 55.22804030085331
250.0 308.15 53.24754523722035
250.0 318.15 51.28109601300539
250.0 328.15 49.32902140144086
250.0 338.15 47.39168783818412
300.0 248.14999999999998 65.7217478710082
300.0 258.15 63.69276516258391
300.0 268.15 61.676512112980426
300.0 278.15 59.67313780273112
300.0 288.15 57.682824378474834
300.0 298.15 55.70578518106952
300.0 308.15 53.7422654102432
300.0 318.15 51.79254599756344
300.0 328.15 49.85694054574295
300.0 338.15 47.935800839820494
350.0 248.14999999999998 66.03049484398937
350.0 258.15 64.01690012790485
350.0 268.15 62.01588534044139
350.0 278.15 60.02759582803007
350.0 288.15 58.05220566698954
350.0 298.15 56.08992011205723
350.0 308.15 54.14097738232809
350.0 318.15 52.20564746884041
350.0 328.15 50.28423444240474
350.0 338.15 48.3770771168129
400.0 248.14999999999998 66.28102849712876
400.0 258.15 64.28085833960141
400.0 268.15 62.29315327747902
400.0 278.15 60.31805290093068
400.0 288.15 58.3557264487281
400.0 298.15 56.406373526604355
400.0 308.15 54.47022491278656
400.0 318.15 52.547542751575946
400.0 328.15 50.6386222046695
400.0 338.15 48.743793817596384
450.0 248.14999999999998 66.48762040489012
450.0 258.15 64.49936940421073
450.0 268.15 62.52349161487716
450.0 278.15 60.560124350299056
450.0 288.15 58.60943033330803
450.0 298.15 56.67160536463223
450.0 308.15 54.746875019140944
450.0 318.15 52.835494094440946
450.0 328.15 50.93775121537498
450.0 338.15 49.053968557321056
500.0 248.14999999999998 66.65986633134223
500.0 258.15 64.68234238749764
500.0 268.15 62.71711949724339
500.0 278.15 60.76432944161473
500.0 288.15 58.8241335906095
500.0 298.15 56.8967223958757
500.0 308.15 54.982315635910716
500.0 318.15 53.08116432583522
500.0 328.15 51.19355097181246
500.0 338.15 49.319790751489975
550.0 248.14999999999998 66.80452801592254
550.0 258.15 64.83676628148855
550.0 268.15 62.881246471857786
550.0 278.15 60.93809670867949
550.0 288.15 59.0074760752051
550.0 298.15 57.0895713414263
550.0 308.15 55.18459810271629
550.0 318.15 53.29280403635952
550.0 328.15 51.41446563082447
550.0 338.15 49.5498931064308
600.0 248.14999999999998 66.9265512485931
600.0 258.15 64.96775346240439
600.0 268.15 63.0211482698315
600.0 278.15 61.08686347072613
600.0 288.15 59.16505407596341
600.0 298.15 57.25590432041949
600.0 308.15 55.35962670515155
600.0 318.15 53.476464877515596
600.0 328.15 51.6066918664773
600.0 338.15 49.75061263895889
650.0 248.14999999999998 67.02966182218358
650.0 258.15 65.07915599357321
650.0 268.15 63.14080478510652
650.0 278.15 61.21473152729741
650.0 288.15 59.301090295773534
650.0 298.15 57.40006265687591
650.0 308.15 55.511858531420465
650.0 318.15 53.63671880222267
650.0 328.15 51.77491167461074
650.0 338.15 49.9267400726389
700.0 248.14999999999998 67.1167369892206
700.0 258.15 65.17395229081447
700.0 268.15 63.24328961932603
700.0 278.15 61.32487138875162
700.0 288.15 59.418849787559736
700.0 298.15 57.52540385134527
700.0 308.15 55.64474199719603
700.0 318.15 53.7771018363268
700.0 328.15 51.922749540566485
700.0 338.15 50.08198402547377
750.0 248.14999999999998 67.19004497634913
750.0 258.15 65.25448785084289
750.0 268.15 63.331026587210715
750.0 278.15 61.41978380402075
750.0 288.15 59.52090856324576
750.0 298.15 57.6345777840604
750.0 308.15 55.76099979772741
750.0 318.15 53.90040854233732
750.0 328.15 52.05306840600632
750.0 338.15 50.21927588572413
800.0 248.14999999999998 67.25140561431529
800.0 258.15 65.32264755188207
800.0 268.15 63.40596447076198
800.0 278.15 61.501477189201154
800.0 288.15 59.609334705514456
800.0 298.15 57.729714256762186
800.0 308.15 55.86281931539767
800.0 318.15 54.008883849491916
800.0 328.15 52.168170495501094
800.0 338.15 50.340971638140445
850.0 248.14999999999998 67.30230127341319
850.0 258.15 65.3799644284152
850.0 268.15 63.469686326235326
850.0 278.15 61.5715882527924
850.0 288.15 59.68581656315764
850.0 298.15 57.81254775561138
850.0 308.15 55.95198453621864
850.0 318.15 54.104358527017716
850.0 328.15 52.26993184778485
850.0 338.15 50.44899457344717
900.0 248.14999999999998 67.34395539759393
900.0 258.15 65.42770624988088
900.0 268.15 63.523503785571805
900.0 278.15 61.631468503364964
900.0 288.15 59.751746299582294
900.0 298.15 57.884512506177984
900.0 308.15 56.0299690466989
900.0 318.15 54.18834669907811
900.0 328.15 52.35990513691243
900.0 338.15 50.54493391771094
950.0 248.14999999999998 67.37738961395364
950.0 258.15 65.46693074830782
950.0 268.15 63.568510045008196
950.0 278.15 61.68224701700345
950.0 288.15 59.80828784460264
950.0 298.15 57.9468066976187
950.0 308.15 56.09800492556475
950.0 318.15 54.26211238048068
950.0 328.15 52.439387556151914
950.0 338.15 50.63011882690244
1000.0 248.14999999999998 67.40346601518583
1000.0 258.15 65.49853058584362
1000.0 268.15 63.6056276253983
1000.0 278.15 61.72487700992531
1000.0 288.15 59.85642368009497
1000.0 298.15 58.00044157954897
1000.0 308.15 56.157132296317506
1000.0 318.15 54.326724102406814
1000.0 328.15 52.50947487905467
1000.0 338.15 50.705672062980476
1050.0 248.14999999999998 67.42291897807681
1050.0 258.15 65.5232658779922
1050.0 268.15 63.63564308812573
1050.0 278.15 61.76017010305787
1050.0 288.15 59.896990340179926
1050.0 298.15 58.046279824184595
1050.0 308.15 56.20823740372204
1050.0 318.15 54.38309216403183
1050.0 328.15 52.57110100937107
1050.0 338.15 50.77255066803382
1100.0 248.14999999999998 67.43637743972434
1100.0 258.15 65.54178921587251
1100.0 268.15 63.65923113467359
1100.0 278.15 61.78882207286138
1100.0 288.15 59.93070774246059
1100.0 298.15 58.085060715757784
1100.0 308.15 56.25208157367002
1100.0 318.15 54.43199864759506
1100.0 328.15 52.62506841643355
1100.0 338.15 50.831577087065476
1150.0 248.14999999999998 67.4443867545191
1150.0 258.15 65.55466504786621
1150.0 268.15 63.67697556303079
1150.0 278.15 61.81143783031417
1150.0 288.15 59.95819663820668
1150.0 298.15 58.11742511961324
1150.0 308.15 56.28932388247696
1150.0 318.15 54.47412044570647
1150.0 328.15 52.672071533742724
1150.0 338.15 50.88346331896725
1200.0 248.14999999999998 67.44742114677712
1200.0 258.15 65.56238488562673
1200.0 268.15 63.68938596328164
1200.0 278.15 61.828541616784506
1200.0 288.15 59.97999910141514
1200.0 298.15 58.14393098337701
1200.0 308.15 56.32053732305263
1200.0 318.15 54.510047340015134
1200.0 328.15 52.71271603399761
1200.0 338.15 50.92882983930975
