0.0 248.14999999999998 0.0
0.0 258.15 0.0
0.0 268.15 0.0
0.0 278.15 0.0
0.0 288.15 0.0
0.0 298.15 0.0
0.0 308.15 0.0
0.0 318.15 0.0
0.0 328.15 0.0
0.0 338.15 0.0
50.0 248.14999999999998 14.838923437895795
50.0 258.15 14.406042511982545
50.0 268.15 13.964842094160948
50.0 278.15 13.515618395239972
50.0 288.15 13.058686015424179
50.0 298.15 12.594380192936304
50.0 308.15 12.12305940251774
50.0 318.15 11.645108400080302
50.0 328.15 11.160941862650967
50.0 338.15 10.671008857117515
100.0 248.14999999999998 33.36542017648595
100.0 258.15 32.34031617569024
100.0 268.15 31.307522913906432
100.0 278.15 30.26743693474393
100.0 288.15 29.220486877355896
100.0 298.15 28.16713637845099
100.0 308.15 27.107887485956823
100.0 318.15 26.04328469142373
100.0 328.15 24.973919748014584
100.0 338.15 23.900437535556588
150.0 248.14999999999998 52.308842023817355
150.0 258.15 50.70688952938073
150.0 268.15 49.097619304008816
150.0 278.15 47.481523728986
150.0 288.15 45.85913936970247
150.0 298.15 44.23105039597512
150.0 308.15 42.59789264866891
150.0 318.15 40.96035846557176
150.0 328.15 39.31920244370639
150.0 338.15 37.67524841598253
200.0 248.14999999999998 71.47787604846509
200.0 258.15 69.30947914797237
200.0 268.15 67.13403143702588
200.0 278.15 64.95211633576663
200.0 288.15 62.7643727815003
200.0 298.15 60.571499084181525
200.0 308.15 58.374257550036006
200.0 318.15 56.17347998973111
200.0 328.15 53.97007429523114
200.0 338.15 51.76503237458326
250.0 248.14999999999998 90.79087371695839
250.0 258.15 88.06384144534933
250.0 268.15 85.32997246923321
250.0 278.15 82.58993763618055
250.0 288.15 79.84447417392725
250.0 298.15 77.09438992704703
250.0 308.15 74.34056847571625
250.0 318.15 71.58397525500368
250.0 328.15 68.8256648637934
250.0 338.15 66.06678986101578
300.0 248.14999999999998 110.20201809750894
300.0 258.15 106.92259186044696
300.0 268.15 103.63651412247246
300.0 278.15 100.34454046748954
300.0 288.15 97.04750339826327
300.0 298.15 93.74631691653643
300.0 308.15 90.44198209379616
300.0 318.15 87.13559375218249
300.0 328.15 83.8283484483041
300.0 338.15 80.52155406415436
350.0 248.14999999999998 129.6818889776052
350.0 258.15 125.85526272415755
350.0 268.15 122.02215443005926
350.0 278.15 118.18340238694788
350.0 288.15 114.33993210800824
350.0 298.15 110.49276122381562
350.0 308.15 106.64300547345225
350.0 318.15 102.7918859107549
350.0 328.15 98.94073752117106
350.0 338.15 95.09101955858013
400.0 248.14999999999998 149.20997312100073
400.0 258.15 144.84059186057993
400.0 268.15 140.46489036560234
400.0 278.15 136.0837880934231
400.0 288.15 131.698301848517
400.0 298.15 127.30955097301916
400.0 308.15 122.91876373417715
400.0 318.15 118.52728502840465
400.0 328.15 114.13658559941784
400.0 338.15 109.74827308395228
450.0 248.14999999999998 168.77114383625258
450.0 258.15 163.86289061792408
450.0 268.15 158.94847668609543
450.0 278.15 154.02890149021346
450.0 288.15 149.10527181716762
450.0 298.15 144.1788072602251
450.0 308.15 139.2508469841795
450.0 318.15 134.3228579058164
450.0 328.15 129.39644448862293
450.0 338.15 124.47336046858042
500.0 248.14999999999998 188.3537832221078
500.0 258.15 182.91010396468556
500.0 268.15 177.4604250015299
500.0 278.15 172.0058248875275
500.0 288.15 166.54749940123855
500.0 298.15 161.08676727941008
500.0 308.15 155.6250773451319
500.0 318.15 150.164017147822
500.0 328.15 144.70532331495534
500.0 338.15 139.2508939350739
550.0 248.14999999999998 207.94868765630366
550.0 258.15 201.97267862456815
550.0 268.15 195.99083515033703
550.0 278.15 190.00431423646424
550.0 288.15 184.01439991563637
550.0 298.15 178.02250924030176
550.0 308.15 172.03019976215327
550.0 318.15 166.0391786181537
550.0 328.15 160.05131342362728
550.0 338.15 154.06864529412465
600.0 248.14999999999998 227.5483862146851
600.0 258.15 221.04285769698942
600.0 268.15 214.53166636119997
600.0 278.15 208.0160471876472
600.0 288.15 201.49737193162264
600.0 298.15 194.97715536063956
600.0 308.15 188.4570630759128
600.0 318.15 181.9389210336044
600.0 328.15 175.42472696665504
600.0 338.15 168.91666403062013
650.0 248.14999999999998 247.14669387016815
650.0 258.15 240.11421797610268
650.0 268.15 233.0762588985573
650.0 278.15 226.03412928024574
650.0 288.15 218.98928823837866
650.0 298.15 211.9433478428426
650.0 308.15 204.89808127222213
650.0 318.15 197.85543276156918
650.0 328.15 190.81752954275973
650.0 338.15 183.78669610217847
700.0 248.14999999999998 266.7384063066642
700.0 258.15 259.1813537628554
700.0 268.15 251.61900700434126
700.0 278.15 244.0527561523594
700.0 288.15 236.4841474693525
700.0 298.15 228.91489007301138
700.0 308.15 221.34686442091333
700.0 318.15 213.78213267784233
700.0 328.15 206.22295116640697
700.0 338.15 198.67178522668294
750.0 248.14999999999998 286.319084317943
750.0 258.15 278.2396534004168
750.0 268.15 270.1551276571794
750.0 278.15 262.06697461653164
750.0 288.15 253.976827592588
750.0 298.15 245.8864926312528
750.0 308.15 237.79795731881538
750.0 318.15 229.71340156326812
750.0 328.15 221.63521054852993
750.0 338.15 213.56599018798212
800.0 248.14999999999998 305.8848971455839
800.0 258.15 297.28513684237475
800.0 268.15 288.6804924305949
800.0 278.15 280.0725088716256
800.0 288.15 271.4629065443105
800.0 298.15 262.85358841988335
800.0 308.15 254.24664919091882
800.0 318.15 245.64438646228686
800.0 328.15 237.04931420366248
800.0 338.15 228.46417879041138
850.0 248.14999999999998 325.43250589214335
850.0 258.15 316.31433473637736
850.0 268.15 307.1915022892396
850.0 278.15 298.06563105669096
850.0 288.15 288.9385285887309
850.0 298.15 279.8121948811011
850.0 308.15 270.68883182189234
850.0 318.15 261.5708547887744
850.0 328.15 252.46090659560727
850.0 338.15 243.36187411540837
900.0 248.14999999999998 344.958974958573
900.0 258.15 335.32419654917965
900.0 268.15 325.6849924319744
900.0 278.15 316.04306284471295
900.0 288.15 306.4003026975773
900.0 298.15 296.7588092001709
900.0 308.15 287.12089162384876
900.0 318.15 277.48908330272815
900.0 328.15 267.86615607117193
900.0 338.15 258.25513746465924
950.0 248.14999999999998 364.46170355885187
950.0 258.15 354.31201950385395
950.0 268.15 344.1581586740732
950.0 278.15 334.001899293955
950.0 288.15 323.84522389663414
950.0 298.15 313.6903271753388
950.0 308.15 303.5396260601777
950.0 318.15 293.39577212117416
950.0 328.15 283.26166649422413
950.0 338.15 273.14047765661485
1000.0 248.14999999999998 383.9383719251083
1000.0 258.15 373.2753927492683
1000.0 268.15 362.6084995978892
1000.0 278.15 351.9395489979994
1000.0 288.15 341.27061143484667
1000.0 298.15 330.60397942735307
1000.0 308.15 319.9421779186747
1000.0 318.15 309.28797708014486
1000.0 328.15 298.64440772402367
1000.0 338.15 288.01477965121126
1050.0 248.14999999999998 403.3868984631674
1050.0 258.15 392.2121528864833
1050.0 268.15 381.0337704629506
1050.0 278.15 369.85368639346575
1050.0 288.15 358.6740595047776
1050.0 298.15 347.4972805490931
1050.0 308.15 336.3259829082359
1050.0 318.15 325.16305579794783
1050.0 328.15 314.01166016636927
1050.0 338.15 302.875247612187
1100.0 248.14999999999998 422.8054052061255
1100.0 258.15 411.12034810300963
1100.0 268.15 399.4319460308451
1100.0 278.15 387.74221328633905
1100.0 288.15 376.0533974821491
1100.0 298.15 364.3679880711539
1100.0 308.15 352.68872736448344
1100.0 318.15 341.0186241361246
1100.0 328.15 329.3609700066149
1100.0 338.15 317.7193589304724
1150.0 248.14999999999998 442.192189649144
1150.0 258.15 429.99820892777984
1150.0 268.15 417.8011902481767
1150.0 278.15 405.603227471418
1150.0 288.15 393.40665749106984
1150.0 298.15 381.2140689829935
1150.0 308.15 369.0283137379216
1150.0 318.15 356.8525206667488
1150.0 328.15 344.6901126694053
1150.0 338.15 332.5448266909431
1200.0 248.14999999999998 461.5457015566736
1200.0 258.15 448.84412414605544
1200.0 268.15 436.1398312753483
1200.0 278.15 423.43499688174586
1200.0 288.15 410.73204768152146
1200.0 298.15 398.03367214658476
1200.0 308.15 385.34283215263713
1200.0 318.15 372.66277738591594
1200.0 328.15 359.9970626976384
1200.0 338.15 347.3495687285792
